0 1
o1
o2 o1 ro2
h1 o1 rh1 o2 ah1
h2 o1 rh2 h1 ah2 o2 th2
h3 o2 rh3 o1 ah3 h1 th3
h4 o2 rh4 o1 ah4 h3 th4

ro2=2.79770423
 rh1=0.96253559
 ah1=110.86290081
 rh2=0.96669401
 ah2=103.9936596
 th2=-43.15008595
 rh3=0.9664807
 ah3=43.37967231
 th3=92.04687013
 rh4=0.96262172
 ah4=110.50813408
 th4=88.85631445

